%YAML:1.0
---
cars: !!opencv-object-detector-hog
   winSize: [ 64, 64 ]
   blockSize: [ 16, 16 ]
   blockStride: [ 8, 8 ]
   cellSize: [ 8, 8 ]
   nbins: 9
   derivAperture: 1
   winSigma: 4.
   histogramNormType: 0
   L2HysThreshold: 2.0000000000000001e-01
   gammaCorrection: 1
   nlevels: 64
   signedGradient: 0
   SVMDetector: [ 3.84607203e-02, 5.52356057e-02, 3.93155105e-02,
       3.55151184e-02, -1.92342419e-02, -6.23940164e-03, -5.63418213e-03,
       1.45894215e-02, 1.87707674e-02, 4.65388633e-02, 6.99035227e-02,
       5.11736758e-02, 2.44956315e-02, -1.82380863e-02, -5.87418303e-03,
       -3.87316896e-03, 1.49927353e-02, 2.37840526e-02, 1.16689000e-02,
       7.74134416e-03, -9.21794400e-03, 1.43613368e-02, -2.57496331e-02,
       -5.13141556e-03, -1.68998959e-03, 1.71991959e-02, 7.03241862e-03,
       8.01896956e-03, 2.36639529e-02, 1.14788156e-04, 4.38761991e-03,
       -1.37820169e-02, 5.11582568e-03, -7.18883611e-03, 1.16730621e-02,
       1.32468427e-02, 2.13129316e-02, 4.46456671e-02, 2.88917236e-02,
       1.93221606e-02, 5.79155376e-03, -2.02201903e-02, -1.27894375e-02,
       4.82984167e-03, 1.29849659e-02, 1.44543936e-02, 1.35740107e-02,
       2.18260735e-02, 3.84331048e-02, 1.73557308e-02, -6.66351290e-03,
       8.21969646e-04, 5.37228957e-03, 5.76726627e-03, -1.05242470e-04,
       9.17944033e-03, 3.35355336e-03, 1.37141428e-03, 1.91390770e-03,
       -1.92705949e-03, -2.38930304e-02, -1.00598065e-02, 2.65967031e-03,
       -4.86573158e-03, 1.27681978e-02, 8.40545166e-03, 7.03970902e-03,
       -1.35248655e-03, -1.64410754e-04, -2.19126754e-02,
       -1.97775923e-02, -1.67723428e-02, 9.23620909e-03, 7.66051793e-03,
       8.16875603e-03, 1.33578312e-02, 2.61725131e-02, 3.35709588e-03,
       4.79402603e-04, 4.72542271e-03, 6.11553248e-03, 7.64370849e-03,
       1.62563939e-02, 4.85260319e-03, -1.13756787e-02, -2.73265014e-03,
       -2.39212750e-04, -6.68821903e-03, 2.11058762e-02, 1.07228598e-02,
       1.68145518e-04, 8.84043984e-03, 1.94693729e-03, 1.02874516e-02,
       3.72109711e-02, 8.86912458e-03, -1.47639019e-02, -4.59658261e-03,
       -2.65268027e-03, 1.98527258e-02, -1.29552430e-03, -5.69281075e-03,
       6.00567413e-03, 7.13202590e-03, 9.87433922e-03, -1.57289486e-02,
       4.91102366e-03, 1.67600010e-02, 1.02277584e-02, 1.98423453e-02,
       1.75106451e-02, 2.76403483e-02, 1.33687044e-02, -5.20010758e-03,
       -1.14404717e-02, 1.81985311e-02, 9.93142650e-03, 1.50026269e-02,
       -2.02974258e-03, -1.40115181e-02, 7.32585540e-05, -8.15785490e-03,
       -1.66284456e-03, -1.17682749e-02, 8.41024797e-03, 8.73136427e-03,
       4.08692732e-02, 1.90298185e-02, 2.07293523e-03, 3.66604403e-02,
       1.02651305e-02, 7.84245494e-04, -2.21750122e-02, 1.32224953e-03,
       3.42908315e-02, 2.02262085e-02, 8.20258912e-03, -9.27320961e-03,
       1.18496101e-02, -8.47651158e-03, -2.49348097e-02, -2.95650158e-02,
       -2.06610793e-03, 1.83937922e-02, 2.40529217e-02, -3.48364748e-03,
       -2.31974889e-02, -1.97936464e-02, 5.09576686e-03, 2.03273837e-02,
       -8.73200945e-04, 2.28625070e-02, 2.78483629e-02, 1.68994702e-02,
       -1.05627219e-03, -1.24458745e-02, 6.21345546e-03, 1.64345969e-02,
       -1.60433743e-02, -3.14713307e-02, 2.00765263e-02, 1.71305500e-02,
       1.61877275e-02, -5.85349603e-03, -2.17790082e-02, -2.42373673e-03,
       1.16701536e-02, 2.66274856e-03, -2.36828644e-02, 2.98078731e-03,
       1.52107403e-02, 1.97231164e-03, -1.09322919e-02, -3.29613648e-02,
       5.56226820e-03, 7.76783051e-03, -1.35130417e-02, -3.91024724e-02,
       -8.47486022e-04, 2.24918826e-03, 3.82331805e-03, -1.57230254e-02,
       -1.47529216e-02, 1.95124596e-02, 1.22362562e-02, -1.21966787e-02,
       -3.12688611e-02, 1.35190068e-02, 1.49745895e-02, 5.07065095e-03,
       -9.15023312e-03, -1.62851531e-02, -8.00564012e-04, 5.85607300e-03,
       1.80748571e-02, -1.23091480e-02, 2.54294532e-03, 1.90415103e-02,
       1.74597418e-03, -1.81101467e-02, -3.29645649e-02, 1.52069842e-02,
       3.61466990e-03, -9.55071859e-03, -3.13684158e-02, -1.38867125e-02,
       -2.50836927e-03, 2.03761249e-03, -1.81389134e-02, -2.61362214e-02,
       2.10653199e-03, -2.14683404e-03, 1.58555228e-02, -3.10258102e-02,
       -3.12348604e-02, -3.46427131e-03, 2.24588420e-02, 1.20993350e-02,
       4.70831012e-03, -3.12822801e-03, -1.06852548e-03, 1.08944876e-02,
       -1.53923593e-02, -4.50439937e-03, 3.09204478e-02, 7.89910182e-03,
       -5.45379193e-03, -2.19013132e-02, -1.62935592e-02, 1.55173736e-02,
       3.46649028e-02, 2.24285340e-03, 7.76685867e-03, 1.19355954e-02,
       2.09641475e-02, -5.76467346e-03, -1.06931636e-02, -9.68295056e-03,
       -1.22241331e-02, -3.13606299e-03, -1.89398583e-02,
       -1.56957451e-02, 2.12145075e-02, -6.45473227e-03, -2.96648182e-02,
       -3.93851213e-02, -3.52312662e-02, -5.80694480e-03, 1.01248967e-02,
       -1.73893645e-02, -6.31493004e-03, -4.40487266e-03, 2.22569872e-02,
       1.06709255e-02, -8.24772101e-03, 3.09888236e-02, 9.70372837e-03,
       -7.35958992e-03, -7.26982625e-03, 8.72004870e-03, 9.64436121e-03,
       1.63310282e-02, 6.99234614e-03, 1.05694812e-02, 1.00153154e-02,
       -9.61502269e-03, 2.86417291e-03, -1.16566326e-02, 1.42523246e-02,
       1.22851469e-02, 1.94465723e-02, 1.88100915e-02, 1.33731803e-02,
       2.22312007e-02, 5.57091553e-03, 1.60419047e-02, -1.68155339e-02,
       -6.44405186e-03, 9.93114008e-05, 1.75395980e-02, 1.65363383e-02,
       1.67400744e-02, 1.90263111e-02, -3.12895998e-02, -4.49327286e-03,
       -1.79939643e-02, 5.56924753e-03, 7.93038402e-03, 6.56252028e-03,
       1.69282965e-02, 1.27442488e-02, 1.26064965e-03, 1.49086108e-02,
       -1.19831907e-02, -2.60734838e-02, -8.45392060e-04, 2.95469281e-03,
       9.60410014e-03, 3.24965566e-02, 1.77757423e-02, 1.37435682e-02,
       1.77913215e-02, 4.29560198e-03, -1.02481823e-02, -4.17298434e-04,
       -4.18586947e-04, -5.18085528e-03, 1.14643127e-02, 3.63517390e-03,
       8.59523565e-03, -9.94136184e-03, -3.12380269e-02, -3.72727104e-02,
       -1.10967802e-02, -1.13041336e-02, 1.39780939e-02, 2.12171506e-02,
       4.21961863e-03, 1.19837672e-02, 3.00272857e-03, -6.61203358e-03,
       -1.88576486e-02, 2.75673508e-03, 2.71641091e-03, 1.60928082e-03,
       1.27064064e-02, 1.09749390e-02, 9.86798480e-03, 5.07466048e-02,
       2.16939766e-02, -7.11358525e-03, -4.51680319e-03, -2.56858068e-03,
       9.89013724e-03, -2.98383785e-03, -1.18987253e-02, -1.60857046e-03,
       1.98565479e-02, 1.39012085e-02, -7.04910094e-03, 1.24876981e-03,
       1.03482809e-02, 5.36338240e-03, 7.91750662e-03, 2.27290136e-03,
       6.12631300e-03, 3.15358527e-02, 2.07973439e-02, -4.04700823e-03,
       -3.40323220e-03, -3.00049921e-03, 1.10670943e-02, -1.01247318e-02,
       -2.06028540e-02, -8.52124300e-03, 1.56421110e-03, 2.13195360e-03,
       -1.60376132e-02, -1.02763763e-02, 5.13145933e-03, 3.46080773e-02,
       1.58466864e-02, -8.64756014e-03, 1.81507859e-02, 1.68037042e-02,
       1.43943373e-02, -5.74960141e-03, 3.70025588e-03, 2.99430527e-02,
       2.41296235e-02, 1.39100067e-02, -6.44534873e-03, 1.20054148e-02,
       1.96586316e-03, -4.92648780e-03, -1.73218921e-02, -8.22316483e-03,
       1.15935570e-02, 2.55158842e-02, -2.89995316e-03, -2.49526687e-02,
       1.12297824e-02, -6.87949918e-03, 2.41016853e-03, -1.24844275e-02,
       5.40939579e-03, 2.47122664e-02, 1.36990668e-02, 4.91653220e-04,
       -2.93505900e-02, 4.85726492e-03, -1.87205747e-02, 2.88676616e-04,
       -2.01539639e-02, 1.90493622e-04, 8.52586050e-03, 2.20028143e-02,
       1.14350591e-03, -1.60380937e-02, 3.52653372e-03, 3.06681879e-02,
       4.40427661e-03, -2.13053897e-02, -1.14532607e-03, 1.12543637e-02,
       6.10084692e-03, -2.94332951e-03, -2.91424226e-02, 1.84668112e-03,
       3.23881730e-02, 6.75059948e-03, -2.45679002e-02, 1.85386074e-04,
       -2.10005324e-03, 1.51050426e-02, -4.63597896e-03, -2.69496329e-02,
       1.73797645e-02, 2.59609520e-02, 1.87804457e-02, -3.22936624e-02,
