%YAML:1.0
---
cars: !!opencv-object-detector-hog
   winSize: [ 64, 64 ]
   blockSize: [ 16, 16 ]
   blockStride: [ 8, 8 ]
   cellSize: [ 8, 8 ]
   nbins: 9
   derivAperture: 1
   winSigma: 4.
   histogramNormType: 0
   L2HysThreshold: 2.0000000000000001e-01
   gammaCorrection: 1
   nlevels: 64
   signedGradient: 0
   SVMDetector: [ 1.14566833e-01, 7.90337007e-03, -3.79751660e-02,
       -3.38164493e-02, -5.90265542e-02, -2.60971580e-02,
       -2.36918195e-03, -3.58614586e-02, 7.16801286e-02, 4.23439927e-02,
       1.74846184e-02, -2.42069422e-04, 4.30728681e-02, -2.30252948e-02,
       2.37131380e-02, -1.34701759e-03, -5.66338450e-02, 3.34188603e-02,
       7.70096555e-02, -1.14469938e-02, -9.01401043e-04, -2.09085783e-03,
       1.05977049e-02, 1.45101408e-02, -7.28994654e-03, -1.38438155e-03,
       6.96218163e-02, 1.03164446e-02, 4.49242909e-03, 4.50136550e-02,
       2.79581472e-02, -3.48671689e-04, 4.95363139e-02, 2.90787891e-02,
       -1.38151906e-02, 7.80510204e-03, 7.44460672e-02, 3.47992033e-02,
       -6.10849587e-03, -4.87787426e-02, -6.16729297e-02,
       -3.43389399e-02, -2.62345616e-02, -7.81427324e-02, 1.25358813e-02,
       6.29585683e-02, 8.06534588e-02, 3.82906571e-02, 8.96781683e-03,
       -2.31747515e-02, -9.12873540e-03, -1.82327572e-02,
       -8.10076445e-02, -2.83939317e-02, 8.60686228e-02, 5.91586567e-02,
       5.52451089e-02, -1.44843627e-02, -4.40897495e-02, -4.19911789e-03,
       -4.38157469e-03, -3.07215583e-02, 2.42086407e-02, 1.12075493e-01,
       1.71167120e-01, 1.09753013e-01, 5.81707526e-03, -1.90773699e-02,
       1.82821900e-02, -3.87894688e-03, -4.43450660e-02, 2.25559678e-02,
       1.24455735e-01, 1.67750195e-01, 1.10569850e-01, -2.24894769e-02,
       -7.30861425e-02, 2.50236480e-03, 4.04241085e-02, -2.66407691e-02,
       2.12572366e-02, 1.12042859e-01, 1.94834620e-01, 1.68394163e-01,
       5.40419221e-02, 5.09934453e-03, 3.93426716e-02, 5.37852384e-02,
       -2.56456099e-02, 3.02308518e-02, 6.73300549e-02, 1.35518849e-01,
       7.12119490e-02, -3.25393006e-02, -4.63274792e-02, -9.65370890e-03,
       3.60850897e-03, -1.60664394e-02, -1.29922926e-02, -2.84261182e-02,
       4.48288247e-02, 9.32953060e-02, 7.17210444e-03, 4.73255571e-03,
       2.11741962e-02, 9.46633331e-03, -3.25221941e-02, -5.41979037e-02,
       1.68504715e-01, 1.76167324e-01, 1.86463028e-01, 5.32889292e-02,
       -1.06767509e-02, 2.65501458e-02, 4.59124930e-02, 7.85971209e-02,
       1.36845246e-01, 1.24118604e-01, 9.16731283e-02, 5.81057481e-02,
       3.93820778e-02, -1.44675421e-02, 1.99921932e-02, 4.83808629e-02,
       8.17733631e-02, 1.03608623e-01, -7.13084266e-03, -2.06750818e-03,
       6.67162091e-02, 2.49591712e-02, 3.77792530e-02, 5.31834476e-02,
       2.54000556e-02, 2.11399160e-02, 1.80679858e-02, -7.88902044e-02,
       -4.65275981e-02, -2.81931590e-02, 1.97961405e-02, -7.90109299e-03,
       6.77562952e-02, -1.66666042e-02, -1.76278148e-02, -2.33805683e-02,
       1.60900906e-01, 1.43038511e-01, 5.81334196e-02, -7.50557110e-02,
       -2.00330447e-02, 7.65630007e-02, 1.43760070e-01, 1.37699410e-01,
       1.18357405e-01, 1.33637279e-01, 7.32680559e-02, -1.21014109e-02,
       -9.53505263e-02, -2.12898199e-02, 9.49479714e-02, 1.60498038e-01,
       1.07407510e-01, 1.09404102e-01, -1.37479668e-02, 3.53673799e-03,
       4.51387977e-03, -8.90916139e-02, 6.58312161e-03, 3.25779244e-02,
       1.65462252e-02, 5.79170045e-03, -5.19181415e-03, -2.95342077e-02,
       -1.50259798e-02, -7.65431020e-03, -4.65307981e-02,
       -6.57620728e-02, 2.58130189e-02, 1.43106130e-03, -3.22840810e-02,
       -7.81716108e-02, 9.47905555e-02, 1.74270887e-02, -1.08045060e-02,
       -9.43602622e-02, 1.93019640e-02, 1.77057222e-01, 1.15957290e-01,
       4.08287309e-02, 3.39224897e-02, 6.43090531e-03, 6.06882060e-03,
       1.05214519e-02, -1.13724619e-01, -9.80368257e-02, -2.62107681e-02,
       2.18212176e-02, -1.23033617e-02, -3.06395665e-02, -2.15022042e-02,
       2.52691917e-02, 1.77513342e-02, -3.97613570e-02, 9.38601494e-02,
       1.12750538e-01, 6.90327212e-02, -3.52572128e-02, -5.36153466e-02,
       -4.47754115e-02, 2.94092279e-02, 7.58666731e-03, -9.90297412e-04,
       -2.03297045e-02, -2.98597068e-02, 2.60253772e-02, -5.37365340e-02,
       -6.23013154e-02, 4.96358871e-02, 3.66325751e-02, 2.42630299e-02,
       -1.07248425e-01, -4.86055948e-02, 1.31986523e-02, 6.19877428e-02,
       -4.13127244e-03, -1.12035479e-02, 1.30184125e-02, 1.22147864e-02,
       2.00382415e-02, -3.25631499e-02, -6.29327968e-02, 5.91240916e-03,
       4.93446775e-02, 3.15214247e-02, -9.23893694e-03, 2.67008077e-02,
       5.84488958e-02, 5.45513593e-02, 1.48892021e-02, 2.19257232e-02,
       3.82542200e-02, 5.63725717e-02, 9.05201863e-03, -2.92321499e-02,
       8.75647366e-03, 3.39559987e-02, 4.18833196e-02, 5.89243732e-02,
       -1.03080655e-02, 1.01204133e-02, 3.24117169e-02, 4.64029461e-02,
       -2.05560327e-02, 4.61762957e-02, -2.13047210e-02, -1.96280200e-02,
       1.72968884e-03, 5.28341252e-03, -7.64779421e-03, -6.37714565e-03,
       -1.41143072e-02, 4.20404486e-02, 1.29437586e-02, -7.24059064e-03,
       4.68225889e-02, 2.79313382e-02, 1.46750156e-02, 3.55399325e-02,
       -5.08260215e-03, -3.95662300e-02, -3.49385142e-02, 7.58864880e-02,
       -1.80376749e-02, -3.25747058e-02, 3.45660895e-02, -3.00800148e-03,
       -3.89215164e-02, -1.04656164e-02, -1.19581176e-02, 5.61576262e-02,
       6.13135882e-02, -1.28966905e-02, -6.52811024e-03, 2.19412297e-02,
       5.25654177e-04, 4.20902334e-02, 2.11264715e-02, -4.72363346e-04,
       5.89228980e-02, 9.40984711e-02, 3.70117687e-02, 4.19375449e-02,
       3.62277566e-03, 2.53465753e-02, -1.89498980e-02, -3.70593779e-02,
       -6.24269880e-02, 9.19495523e-03, 6.25571012e-02, 3.17837112e-02,
       4.50172313e-02, 3.72634232e-02, 1.09340725e-02, -2.06119437e-02,
       -3.87859866e-02, -5.87600097e-02, 2.35093548e-03, 1.01578034e-01,
       1.06518297e-02, -1.47413341e-02, 1.51049178e-02, 3.48644443e-02,
       -2.44769803e-03, -3.35978195e-02, -5.87117784e-02, 3.11139785e-02,
       4.45398875e-02, -2.53803376e-02, -3.86845581e-02, 4.09562178e-02,
       5.03180409e-03, -2.68110428e-02, -3.19386497e-02, -5.66818826e-02,
       -1.30125936e-02, -5.54266712e-03, 4.01817746e-02, 3.32023762e-02,
       -2.87809353e-02, -2.95515489e-02, -2.12357473e-03,
       -5.77160390e-03, -3.55415605e-02, -6.21101037e-02,
       -7.69276079e-03, 6.63516447e-02, 9.12702382e-02, 6.42041415e-02,
       5.22599109e-02, 2.97309496e-02, -5.92809124e-03, -2.58664750e-02,
       -4.41905931e-02, 2.27243006e-02, -3.07945651e-03, 1.11425407e-02,
       -2.46818215e-02, -5.67931794e-02, -5.73048219e-02,
       -3.35429311e-02, -5.44043668e-02, -4.36367691e-02, 1.95401311e-02,
       7.24809244e-02, 1.11729428e-01, 6.35317862e-02, 1.59725435e-02,
       -2.25941986e-02, -3.81040797e-02, -5.84710389e-02,
       -8.89988616e-03, 3.91244441e-02, 5.45336939e-02, 9.42693353e-02,
       4.97168563e-02, 7.22900406e-02, 2.60735061e-02, -1.07313301e-02,
       1.48415682e-03, 1.99593101e-02, -7.13851722e-03, 4.99485480e-03,
       1.05602909e-02, 1.57519802e-02, 2.32989043e-02, 2.01086476e-02,
       -4.38296460e-02, -2.16207169e-02, -2.75495299e-03, 3.76924612e-02,
       6.17574081e-02, 7.60002658e-02, 4.69048508e-02, 1.54709853e-02,
       6.33731531e-03, -2.99246870e-02, -3.64443846e-02, 4.65563405e-03,
       -5.18322140e-02, -1.86220389e-02, 1.33316843e-02, 3.38473432e-02,
       -5.38311787e-02, 1.69956163e-02, -1.03633637e-02, -3.97837274e-02,
       -4.50733043e-02, 6.83154687e-02, 4.83692028e-02, 2.75428034e-02,
       -8.90950859e-02, 2.18556393e-02, -5.31519353e-02, -3.97964492e-02,
       7.15272222e-03, 3.21624912e-02, -1.48824928e-02, 8.64562951e-03,
       -1.13779400e-02, -4.08739932e-02, -3.80365103e-02,
       -6.41665561e-03, -6.43978566e-02, -3.28085609e-02,
       -5.53755946e-02, -2.33096676e-03, 7.77891930e-03, -2.46965513e-03,
       -7.99126774e-02, -6.26422279e-03, -2.24246904e-02,
